Automatically generated using PivotPy with HSK-INDS = [0, 29, -1], LABELS = ['M', 'Γ|M', 'L'], SEG-INDS = [21, 29]
	34
Reciprocal Lattice
    0.3750000000    0.3750000000    0.5000000000    0.029412
    0.3562500000    0.3562500000    0.4750000000    0.029412
    0.3375000000    0.3375000000    0.4500000000    0.029412
    0.3187500000    0.3187500000    0.4250000000    0.029412
    0.3000000000    0.3000000000    0.4000000000    0.029412
    0.2812500000    0.2812500000    0.3750000000    0.029412
    0.2625000000    0.2625000000    0.3500000000    0.029412
    0.2437500000    0.2437500000    0.3250000000    0.029412
    0.2250000000    0.2250000000    0.3000000000    0.029412
    0.2062500000    0.2062500000    0.2750000000    0.029412
    0.1875000000    0.1875000000    0.2500000000    0.029412
    0.1687500000    0.1687500000    0.2250000000    0.029412
    0.1500000000    0.1500000000    0.2000000000    0.029412
    0.1312500000    0.1312500000    0.1750000000    0.029412
    0.1125000000    0.1125000000    0.1500000000    0.029412
    0.0937500000    0.0937500000    0.1250000000    0.029412
    0.0750000000    0.0750000000    0.1000000000    0.029412
    0.0562500000    0.0562500000    0.0750000000    0.029412
    0.0375000000    0.0375000000    0.0500000000    0.029412
    0.0187500000    0.0187500000    0.0250000000    0.029412
    0.0000000000    0.0000000000    0.0000000000    0.029412
    0.5000000000    0.2500000000    0.5000000000    0.029412
    0.4285714286    0.2142857143    0.4285714286    0.029412
    0.3571428571    0.1785714286    0.3571428571    0.029412
    0.2857142857    0.1428571429    0.2857142857    0.029412
    0.2142857143    0.1071428571    0.2142857143    0.029412
    0.1428571429    0.0714285714    0.1428571429    0.029412
    0.0714285714    0.0357142857    0.0714285714    0.029412
    0.0000000000    0.0000000000    0.0000000000    0.029412
    0.2500000000    0.2500000000    0.2500000000    0.029412
    0.1875000000    0.1875000000    0.1875000000    0.029412
    0.1250000000    0.1250000000    0.1250000000    0.029412
    0.0625000000    0.0625000000    0.0625000000    0.029412
    0.0000000000    0.0000000000    0.0000000000    0.029412